

current stage is: layer-10
iter:     0    time: 5.94
Func: 6.52e-03  |g|: 5.66e-03
iter:    10    time: 323.83
Func: 1.63e-03  |g|: 4.28e-03
iter:    20    time: 94.42
Func: 1.34e-03  |g|: 1.90e-03
iter:    30    time: 162.83
Func: 1.31e-03  |g|: 5.39e-04
current expression:
[u, u**2, 1, u**4, u**3, u**5, u**6, u**7]
[ 2.83844958e+00 -2.00628056e+00  4.03883646e-01  7.65394699e-02
  9.17318807e-03  6.89507814e-03  1.99581500e-04  1.81993401e-06]
