

current stage is: layer-10
iter:     0    time: 6.82
Func: 6.42e-03  |g|: 4.90e-02
iter:    10    time: 113.65
Func: 1.80e-04  |g|: 4.62e-04
iter:    20    time: 53.65
Func: 1.28e-05  |g|: 1.35e-03
iter:    30    time: 38.52
Func: 1.07e-05  |g|: 1.72e-04
current expression:
[u, u**3, 1, u**4, u**2, u**5, u**6]
[ 1.57270304e+00 -8.90190250e-01  4.63322008e-01  2.51231257e-01
  7.79102785e-02 -8.55631628e-03  1.04245797e-04]
