

current stage is: layer-10
iter:     0    time: 7.10
Func: 6.63e-03  |g|: 5.53e-02
iter:    10    time: 44.59
Func: 1.70e-04  |g|: 3.56e-04
iter:    20    time: 238.08
Func: 9.92e-05  |g|: 1.36e-03
iter:    30    time: 194.98
Func: 6.65e-05  |g|: 2.12e-03
current expression:
[u, u**3, 1, u**4, u**2, u**5, u**6]
[ 1.46215160e+00 -6.69493870e-01  5.37417994e-01  1.41224164e-01
  7.52433719e-02  8.37219984e-03  1.45804073e-04]
