

current stage is: layer-8
iter:     0    time: 5.14
Func: 5.61e-03  |g|: 2.71e-02
iter:    10    time: 93.80
Func: 1.62e-04  |g|: 8.89e-04
iter:    20    time: 48.62
Func: 9.21e-05  |g|: 9.00e-04
iter:    30    time: 350.63
Func: 8.95e-05  |g|: 1.46e-04
current expression:
[u, u**2, 1, u**3, u**4, u**5, u**6, u**7]
[ 2.01401536e+00 -8.49816872e-01  4.09720329e-01 -2.26458105e-01
  5.08278613e-02  6.59835061e-03  2.16490378e-04  1.99671086e-06]
