

current stage is: layer-10
iter:     0    time: 5.19
Func: 9.14e-03  |g|: 6.46e-02
iter:    10    time: 94.20
Func: 1.25e-03  |g|: 2.91e-03
iter:    20    time: 47.44
Func: 1.07e-03  |g|: 3.68e-03
iter:    30    time: 132.33
Func: 9.84e-04  |g|: 7.29e-04
current expression:
[u, u**3, 1, u**4, u**2, u**5, u**6]
[ 1.54572953e+00 -9.62096171e-01  3.55749566e-01  2.49655687e-01
  1.61985169e-01 -4.86351191e-03  3.22925908e-05]
