

current stage is: layer-10
iter:     0    time: 6.07
Func: 1.07e-02  |g|: 4.10e-02
iter:    10    time: 237.05
Func: 3.85e-03  |g|: 1.23e-02
iter:    20    time: 268.18
Func: 1.44e-03  |g|: 8.85e-04
iter:    30    time: 96.95
Func: 1.33e-03  |g|: 9.28e-05
current expression:
[u, u**2, 1, u**4, u**3, u**5, u**6]
[ 2.65956422e+00 -1.79357771e+00  4.01837847e-01  7.37782424e-02
  4.12491391e-02  3.72524198e-03  6.01423083e-05]
