

current stage is: layer-10
iter:     0    time: 7.04
Func: 3.82e-02  |g|: 1.58e-01
iter:    10    time: 101.27
Func: 5.16e-03  |g|: 2.38e-02
iter:    20    time: 248.00
Func: 3.75e-04  |g|: 5.77e-03
iter:    30    time: 64.17
Func: 3.15e-04  |g|: 3.23e-03
current expression:
[u, u**2, u**3, u**4, 1, u**5, u**6, u**7]
[ 2.99235522e+00 -1.90206098e+00 -1.04328180e+00  9.30008465e-01
  5.13295463e-01  3.01242678e-02  3.43300538e-04  1.63733659e-06]
