

current stage is: layer-10
iter:     0    time: 6.04
Func: 1.41e-02  |g|: 9.88e-02
iter:    10    time: 163.12
Func: 1.84e-03  |g|: 6.91e-03
iter:    20    time: 423.89
Func: 1.37e-03  |g|: 1.38e-03
iter:    30    time: 346.01
Func: 1.16e-03  |g|: 9.19e-04
current expression:
[u, u**2, 1, u**4, u**3, u**5, u**6]
[ 1.82342322e+00 -8.20377976e-01  5.50189243e-01  3.33942003e-02
 -1.39544027e-02 -7.80017869e-04  5.29136144e-06]
