

current stage is: layer-10
iter:     0    time: 7.51
Func: 1.06e-02  |g|: 4.04e-02
iter:    10    time: 349.10
Func: 9.03e-04  |g|: 1.76e-03
iter:    20    time: 225.70
Func: 8.16e-04  |g|: 3.61e-03
iter:    30    time: 211.29
Func: 7.51e-04  |g|: 2.33e-03
current expression:
[u, u**2, 1, u**3, u**4, u**5, u**6]
[ 2.64688548e+00 -1.64245513e+00  4.35685813e-01 -1.97579138e-01
  1.64907404e-01  4.72600306e-03  4.41687350e-05]
