

current stage is: layer-10
iter:     0    time: 6.07
Func: 6.21e-03  |g|: 4.67e-02
iter:    10    time: 71.89
Func: 4.34e-04  |g|: 5.26e-04
iter:    20    time: 178.83
Func: 2.96e-04  |g|: 3.84e-04
iter:    30    time: 76.81
Func: 2.95e-04  |g|: 1.03e-04
current expression:
[u, u**3, 1, u**4, u**2, u**5, u**6]
[ 1.56636042e+00 -1.03905266e+00  5.29834213e-01  3.34013481e-01
  1.62505126e-01 -1.11606698e-02  1.34680324e-04]
